80 40
484 409
411 467
722 812
165 254
510 602
928 990
762 778
572 527
387 301
542 551
791 743
731 825
969 948
483 430
268 265
501 532
539 626
867 818
29 26
533 548
904 967
781 849
564 514
497 549
792 711
354 288
951 853
638 556
11 82
998 990
719 757
89 25
422 396
498 552
540 570
150 106
240 160
183 263
329 383
23 55
928 1004
160 74
191 117
26 73
389 357
813 892
795 784
575 614
179 278
720 776
251 258
238 144
434 388
282 242
398 440
377 467
528 603
294 268
335 239
956 1049
945 980
830 811
346 277
15 61
642 599
264 215
233 207
166 170
17 58
94 94
390 478
259 201
293 269
512 585
668 648
534 488
743 669
883 913
806 776
793 719
18160
1346
82
11
6521
822
373
165
107
74
12
18160
1346
82
243
678
989
423
6521
822
373
165
107
435
765
213
2356
1277
985
193
1551
247
423
234
6543
432
876
244
654
324
