100 50
789 752
873 787
25 26
490 579
319 336
950 951
279 195
424 377
250 267
939 872
347 263
631 645
361 380
247 163
478 506
97 163
630 543
23 45
844 891
390 442
945 855
436 442
282 279
431 359
961 931
894 817
126 80
173 125
48 40
852 935
15 59
566 488
63 146
462 542
183 87
751 741
725 699
186 142
331 358
391 330
198 189
867 798
119 135
909 918
677 641
769 719
716 757
911 886
497 426
701 763
713 732
73 139
314 244
432 520
963 1025
561 539
552 554
817 780
133 172
12 103
691 746
398 380
938 872
118 159
360 333
514 477
197 200
786 703
362 430
856 921
81 135
943 874
506 574
741 683
465 379
236 328
667 576
913 828
875 862
480 556
543 472
113 160
562 543
161 71
895 936
124 120
339 302
704 728
29 113
743 730
95 138
331 407
971 1003
435 507
500 431
26 18
566 534
98 92
820 730
171 81
14483
1690
6521
822
373
165
107
74
12
18160
1346
82
11
373
165
107
74
12
18160
1346
82
435
7658
432
543
213
867
432
657
243
213
765
5435
876
1277
985
193
1551
247
342
765
453
243
765
654
423
765
545
765
768
