60 30
387 422
664 579
974 1034
296 360
367 348
54 23
226 300
981 946
727 743
907 878
170 229
764 847
452 444
972 1034
974 940
288 228
599 543
891 917
248 317
40 62
243 314
811 880
890 898
300 391
672 731
283 186
818 855
430 513
24 32
373 304
925 958
203 288
134 227
812 770
300 257
933 889
185 123
516 573
103 125
565 469
595 510
401 433
249 321
371 459
225 309
373 435
847 910
782 723
520 483
890 812
232 302
181 93
191 169
527 536
699 692
871 942
392 451
696 745
808 906
550 640
10504
1027
1363
952
1424
40
114
32
822
373
165
107
6521
822
373
165
107
193
1551
247
1277
985
193
1551
247
18160
1346
82
11
30
